uuid: 6c41296d-27ce-3ba0-9736-e2b816a1c3bb
timestamps:
  login: 1520478340004
  logout: 1520491210992
ipAddress: 25.87.150.233
logoutlocation:
  world: J&J
  x: -422.5
  y: 66.0
  z: -521.5
  yaw: -79.99702
  pitch: 24.299963
