uuid: 504ee61a-f91a-3b6b-900a-d4f1b83f4845
timestamps:
  login: 1520478709933
  logout: 1520487750291
ipAddress: 25.87.181.85
logoutlocation:
  world: J&J
  x: -422.5
  y: 66.02159847259522
  z: -521.5
  yaw: -108.44446
  pitch: 28.949995
