uuid: 504ee61a-f91a-3b6b-900a-d4f1b83f4845
timestamps:
  login: 1522002170063
  logout: 1522002943475
ipAddress: 25.87.181.85
logoutlocation:
  world: J&J
  x: 1634.5755342701318
  y: 75.0
  z: -981.8355771598495
  yaw: -134.75903
  pitch: 43.800003
lastlocation:
  world: J&J
  x: 116.60024682937288
  y: 62.0
  z: -519.892568773804
  yaw: -68.99913
  pitch: 4.3499436
